{"nbformat":4,"nbformat_minor":0,"metadata":{"colab":{"name":"outsource_SVD_3.ipynb","provenance":[],"collapsed_sections":[]},"kernelspec":{"name":"python3","display_name":"Python 3"}},"cells":[{"cell_type":"code","metadata":{"id":"Na-ztmmvVeyk"},"source":["# https://www.askpython.com/python/examples/singular-value-decomposition"],"execution_count":null,"outputs":[]},{"cell_type":"markdown","metadata":{"id":"27o54KBzVtN2"},"source":["Using numpy"]},{"cell_type":"code","metadata":{"colab":{"base_uri":"https://localhost:8080/"},"id":"UYzVf7V9VpAF","executionInfo":{"status":"ok","timestamp":1648492795448,"user_tz":-180,"elapsed":23,"user":{"displayName":"Boris Garbuzov","userId":"08851466340381164023"}},"outputId":"e9a52d6f-5da1-4509-dc6b-603e0bf2b37e"},"source":["import numpy as np\n"," \n","#Creating a matrix A\n","A = np.array([[3,4,3],[1,2,3],[4,2,1]])\n","# A = np.array([[3,4],[1,2],[4,2]])\n"," \n","#Performing SVD\n","U, D, VT = np.linalg.svd(A)\n","print(\"A: \\n\", A)\n","print(\"U: \\n\", U)\n","print(\"np.diag(D): \\n\", np.diag(D))\n","print(\"VT: \\n\", VT) \n","#Checking if we can remake the original matrix using U,D,VT\n","A_remake = (U @ np.diag(D) @ VT)\n","# A_remake = (U @ np.diag(D) @ VT.T)\n","print(\"A_remake: \\n\", A_remake)\n","\n"],"execution_count":null,"outputs":[{"output_type":"stream","name":"stdout","text":["A: \n"," [[3 4 3]\n"," [1 2 3]\n"," [4 2 1]]\n","U: \n"," [[-0.73553325 -0.18392937 -0.65204358]\n"," [-0.42657919 -0.62196982  0.65664582]\n"," [-0.52632788  0.76113306  0.37901904]]\n","np.diag(D): \n"," [[7.87764972 0.         0.        ]\n"," [0.         2.54031671 0.        ]\n"," [0.         0.         0.69958986]]\n","VT: \n"," [[-0.60151068 -0.61540527 -0.5093734 ]\n"," [ 0.73643349 -0.18005275 -0.65210944]\n"," [ 0.30959751 -0.76737042  0.5615087 ]]\n","A_remake: \n"," [[3. 4. 3.]\n"," [1. 2. 3.]\n"," [4. 2. 1.]]\n"]}]},{"cell_type":"markdown","source":["scipy"],"metadata":{"id":"coRTBKgtJxDk"}},{"cell_type":"code","metadata":{"colab":{"base_uri":"https://localhost:8080/"},"id":"CXe2lb7wTdpo","executionInfo":{"status":"ok","timestamp":1648492795450,"user_tz":-180,"elapsed":19,"user":{"displayName":"Boris Garbuzov","userId":"08851466340381164023"}},"outputId":"ee0b5483-6c79-4161-ae8a-fc2b79890d7c"},"source":["from numpy import array\n","from scipy.linalg import svd\n","A = array([[1, 2], [3, 4], [5, 6]])\n","print(A)\n","# SVD\n","U, s, VT = svd(A)\n","print(U)\n","print(\"-------------------\")\n","print(s)\n","print(\"-------------------\")\n","print(VT)"],"execution_count":null,"outputs":[{"output_type":"stream","name":"stdout","text":["[[1 2]\n"," [3 4]\n"," [5 6]]\n","[[-0.2298477   0.88346102  0.40824829]\n"," [-0.52474482  0.24078249 -0.81649658]\n"," [-0.81964194 -0.40189603  0.40824829]]\n","-------------------\n","[9.52551809 0.51430058]\n","-------------------\n","[[-0.61962948 -0.78489445]\n"," [-0.78489445  0.61962948]]\n"]}]},{"cell_type":"code","metadata":{"colab":{"base_uri":"https://localhost:8080/"},"id":"YhAN8NDxTdtR","executionInfo":{"status":"ok","timestamp":1648492795451,"user_tz":-180,"elapsed":13,"user":{"displayName":"Boris Garbuzov","userId":"08851466340381164023"}},"outputId":"c60dffa3-5b24-44ef-adf1-71dc9b8db31e"},"source":["# Reconstruct SVD\n","from numpy import array\n","from numpy import diag\n","from numpy import dot\n","# define a matrix\n","A = array([[1, 2, 3], [4, 5, 6], [7, 8, 9]])\n","print(A)\n","# Singular-value decomposition\n","U, s, VT = svd(A)\n","# create n x n Sigma matrix\n","Sigma = diag(s)\n","# reconstruct matrix\n","B = U.dot(Sigma.dot(VT))\n","print(B)"],"execution_count":null,"outputs":[{"output_type":"stream","name":"stdout","text":["[[1 2 3]\n"," [4 5 6]\n"," [7 8 9]]\n","[[1. 2. 3.]\n"," [4. 5. 6.]\n"," [7. 8. 9.]]\n"]}]}]}