{"nbformat":4,"nbformat_minor":0,"metadata":{"colab":{"name":"gram-shmidt.ipynb","provenance":[],"collapsed_sections":[]},"kernelspec":{"name":"python3","display_name":"Python 3"}},"cells":[{"cell_type":"code","metadata":{"id":"R3iBrme5tx24"},"source":["import numpy as np\r\n","from sympy.matrices import Matrix, GramSchmidt\r\n","from sympy import init_printing\r\n","init_printing()"],"execution_count":null,"outputs":[]},{"cell_type":"markdown","metadata":{"id":"gGpGwMS1w2__"},"source":["#Sympy\r\n","stopped here"]},{"cell_type":"code","metadata":{"colab":{"base_uri":"https://localhost:8080/","height":78},"id":"FSFwM3kwuQfn","executionInfo":{"status":"ok","timestamp":1612035339538,"user_tz":-120,"elapsed":1149,"user":{"displayName":"Сергій Васильєв","photoUrl":"","userId":"07629438529474265561"}},"outputId":"97ce0b74-6e19-40f5-a0c5-73c792f38b84"},"source":["L = [Matrix([2,3,5]), Matrix([3,6,2]), Matrix([8,3,6])]\r\n","out1 = GramSchmidt(L)\r\n","out2 = GramSchmidt(L, True)\r\n","L"],"execution_count":null,"outputs":[{"output_type":"execute_result","data":{"text/latex":"$$\\left [ \\left[\\begin{matrix}2\\\\3\\\\5\\end{matrix}\\right], \\quad \\left[\\begin{matrix}3\\\\6\\\\2\\end{matrix}\\right], \\quad \\left[\\begin{matrix}8\\\\3\\\\6\\end{matrix}\\right]\\right ]$$","text/plain":["⎡⎡2⎤  ⎡3⎤  ⎡8⎤⎤\n","⎢⎢ ⎥  ⎢ ⎥  ⎢ ⎥⎥\n","⎢⎢3⎥, ⎢6⎥, ⎢3⎥⎥\n","⎢⎢ ⎥  ⎢ ⎥  ⎢ ⎥⎥\n","⎣⎣5⎦  ⎣2⎦  ⎣6⎦⎦"]},"metadata":{"tags":[]},"execution_count":22}]},{"cell_type":"code","metadata":{"colab":{"base_uri":"https://localhost:8080/","height":78},"id":"uUB4T7eMumYH","executionInfo":{"status":"ok","timestamp":1612034809012,"user_tz":-120,"elapsed":739,"user":{"displayName":"Сергій Васильєв","photoUrl":"","userId":"07629438529474265561"}},"outputId":"878e3810-fef0-47c0-a936-8f615df50988"},"source":["out1"],"execution_count":null,"outputs":[{"output_type":"execute_result","data":{"text/latex":"$$\\left [ \\left[\\begin{matrix}2\\\\3\\\\5\\end{matrix}\\right], \\quad \\left[\\begin{matrix}\\frac{23}{19}\\\\\\frac{63}{19}\\\\- \\frac{47}{19}\\end{matrix}\\right], \\quad \\left[\\begin{matrix}\\frac{1692}{353}\\\\- \\frac{1551}{706}\\\\- \\frac{423}{706}\\end{matrix}\\right]\\right ]$$","text/plain":["⎡     ⎡ 23 ⎤  ⎡ 1692 ⎤⎤\n","⎢     ⎢ ── ⎥  ⎢ ──── ⎥⎥\n","⎢     ⎢ 19 ⎥  ⎢ 353  ⎥⎥\n","⎢⎡2⎤  ⎢    ⎥  ⎢      ⎥⎥\n","⎢⎢ ⎥  ⎢ 63 ⎥  ⎢-1551 ⎥⎥\n","⎢⎢3⎥, ⎢ ── ⎥, ⎢──────⎥⎥\n","⎢⎢ ⎥  ⎢ 19 ⎥  ⎢ 706  ⎥⎥\n","⎢⎣5⎦  ⎢    ⎥  ⎢      ⎥⎥\n","⎢     ⎢-47 ⎥  ⎢-423  ⎥⎥\n","⎢     ⎢────⎥  ⎢───── ⎥⎥\n","⎣     ⎣ 19 ⎦  ⎣ 706  ⎦⎦"]},"metadata":{"tags":[]},"execution_count":21}]},{"cell_type":"code","metadata":{"colab":{"base_uri":"https://localhost:8080/","height":88},"id":"zB9Psriruoaf","executionInfo":{"status":"ok","timestamp":1612034791414,"user_tz":-120,"elapsed":1292,"user":{"displayName":"Сергій Васильєв","photoUrl":"","userId":"07629438529474265561"}},"outputId":"c83b2e0d-630a-49f6-efd6-3b42d7a15d0d"},"source":["out2"],"execution_count":null,"outputs":[{"output_type":"execute_result","data":{"text/latex":"$$\\left [ \\left[\\begin{matrix}\\frac{\\sqrt{38}}{19}\\\\\\frac{3 \\sqrt{38}}{38}\\\\\\frac{5 \\sqrt{38}}{38}\\end{matrix}\\right], \\quad \\left[\\begin{matrix}\\frac{23 \\sqrt{6707}}{6707}\\\\\\frac{63 \\sqrt{6707}}{6707}\\\\- \\frac{47 \\sqrt{6707}}{6707}\\end{matrix}\\right], \\quad \\left[\\begin{matrix}\\frac{12 \\sqrt{706}}{353}\\\\- \\frac{11 \\sqrt{706}}{706}\\\\- \\frac{3 \\sqrt{706}}{706}\\end{matrix}\\right]\\right ]$$","text/plain":["⎡⎡ √38 ⎤  ⎡ 23⋅√6707 ⎤  ⎡ 12⋅√706 ⎤⎤\n","⎢⎢ ─── ⎥  ⎢ ──────── ⎥  ⎢ ─────── ⎥⎥\n","⎢⎢  19 ⎥  ⎢   6707   ⎥  ⎢   353   ⎥⎥\n","⎢⎢     ⎥  ⎢          ⎥  ⎢         ⎥⎥\n","⎢⎢3⋅√38⎥  ⎢ 63⋅√6707 ⎥  ⎢-11⋅√706 ⎥⎥\n","⎢⎢─────⎥, ⎢ ──────── ⎥, ⎢─────────⎥⎥\n","⎢⎢  38 ⎥  ⎢   6707   ⎥  ⎢   706   ⎥⎥\n","⎢⎢     ⎥  ⎢          ⎥  ⎢         ⎥⎥\n","⎢⎢5⋅√38⎥  ⎢-47⋅√6707 ⎥  ⎢-3⋅√706  ⎥⎥\n","⎢⎢─────⎥  ⎢──────────⎥  ⎢──────── ⎥⎥\n","⎣⎣  38 ⎦  ⎣   6707   ⎦  ⎣  706    ⎦⎦"]},"metadata":{"tags":[]},"execution_count":19}]},{"cell_type":"markdown","metadata":{"id":"nTdHSePPw5qu"},"source":["-------------------------------\r\n"]},{"cell_type":"markdown","metadata":{"id":"_oqKJGSdw8Xm"},"source":["#Custom"]},{"cell_type":"code","metadata":{"id":"czK07vW0aO8h","colab":{"base_uri":"https://localhost:8080/"},"executionInfo":{"status":"ok","timestamp":1612034791415,"user_tz":-120,"elapsed":1289,"user":{"displayName":"Сергій Васильєв","photoUrl":"","userId":"07629438529474265561"}},"outputId":"4daf536b-3c22-4158-ce06-c1f86fe16e9c"},"source":["\r\n","\r\n","def gramschmidt(A):\r\n","    \"\"\"\r\n","    Applies the Gram-Schmidt method to A\r\n","    and returns Q and R, so Q*R = A.\r\n","    \"\"\"\r\n","    R = np.zeros((A.shape[1], A.shape[1]))\r\n","    Q = np.zeros(A.shape)\r\n","    for k in range(0, A.shape[1]):\r\n","        R[k, k] = np.sqrt(np.dot(A[:, k], A[:, k]))\r\n","        Q[:, k] = A[:, k]/R[k, k]\r\n","        for j in range(k+1, A.shape[1]):\r\n","            R[k, j] = np.dot(Q[:, k], A[:, j])\r\n","            A[:, j] = A[:, j] - R[k, j]*Q[:, k]\r\n","    return Q, R\r\n","\r\n","def main():\r\n","    \"\"\"\r\n","    Prompts for n and generates a random matrix.\r\n","    \"\"\"\r\n","    #cols = int(input('give number of columns : '))\r\n","    #rows = int(input('give number of rows : '))\r\n","    cols = 3\r\n","    rows = 3\r\n","    A = np.random.rand(rows, cols)\r\n","    print('A = ')\r\n","    print(A)\r\n","    Q, R = gramschmidt(A)\r\n","    print('Q = ')\r\n","    print(Q)\r\n","    print('R = ')\r\n","    print(R)\r\n","    print('Q^T*Q = ')\r\n","    print(np.dot(Q.transpose(), Q))\r\n","    print('Q*R =')\r\n","    print(np.dot(Q, R))\r\n","    \r\n","main()"],"execution_count":null,"outputs":[{"output_type":"stream","text":["A = \n","[[0.11576313 0.1222489  0.96952446]\n"," [0.09612772 0.34954598 0.68865963]\n"," [0.15499636 0.53036031 0.8153474 ]]\n","Q = \n","[[ 0.5358858  -0.84199293  0.06224403]\n"," [ 0.44499037  0.34432685  0.82669377]\n"," [ 0.7175026   0.41531545 -0.55919862]]\n","R = \n","[[ 0.21602202  0.60159095  1.41101517]\n"," [ 0.          0.23769219 -0.24058236]\n"," [ 0.          0.          0.17371659]]\n","Q^T*Q = \n","[[1.00000000e+00 1.51801859e-16 7.92909887e-16]\n"," [1.51801859e-16 1.00000000e+00 1.61899625e-16]\n"," [7.92909887e-16 1.61899625e-16 1.00000000e+00]]\n","Q*R =\n","[[0.11576313 0.1222489  0.96952446]\n"," [0.09612772 0.34954598 0.68865963]\n"," [0.15499636 0.53036031 0.8153474 ]]\n"],"name":"stdout"}]}]}